85 4 75 59 25 64 94 45 70 21 57 35 21 95 71 32 73 57 6 43 90 94 7 37 87
29 40 72 90 1 18 50 57 10 13 25 82 14 94 5 34 62 87 56 59 42 15 1 70 27
98 81 36 4 31 60 5 36 5 78 49 15 4 82 30 25 1 5 27 51 60 65 80 10 58
44 86 17 38 17 49 19 53 59 67 61 67 78 31 49 95 20 7 68 82 94 96 32 63 10
67 93 46 66 99 73 16 2 39 89 65 53 97 38 53 61 55 28 67 54 98 36 11 83 53
20 46 36 87 45 46 43 44 57 48 94 11 9 85 65 99 20 89 20 66 11 90 70 43 47
82 87 27 5 48 63 86 16 61 7 31 95 88 90 68 64 87 55 81 34 79 90 88 13 1
31 33 48 58 49 99 61 39 80 4 30 90 30 68 91 42 68 75 86 54 93 45 58 40 3
51 33 37 98 91 49 21 38 17 67 71 85 33 72 94 86 61 82 46 90 44 17 72 18 10
7 45 22 99 51 74 34 42 92 41 75 46 99 26 87 12 66 26 31 70 5 27 85 81 92
72 46 64 32 10 46 42 41 27 61 14 18 63 81 38 59 75 68 94 92 57 78 45 55 19
50 77 31 71 82 95 63 45 77 95 24 49 90 28 54 53 87 34 61 61 23 95 44 28 41
4 1 81 35 97 65 84 55 15 86 91 58 38 24 50 61 76 18 4 26 23 96 78 79 35
48 10 69 36 86 84 93 61 8 43 2 7 69 54 33 7 55 51 51 93 37 49 72 8 96
85 11 3 79 74 16 76 87 75 97 86 55 76 87 14 83 99 5 71 38 68 60 63 70 94
96 56 6 20 35 41 27 14 85 36 54 45 34 34 18 19 5 95 83 53 49 77 96 23 73
87 21 70 32 91 15 98 48 48 2 51 7 67 19 60 21 33 24 2 76 89 96 17 55 33
25 72 27 24 62 75 43 10 90 74 1 67 22 63 62 49 36 80 63 37 70 77 54 95 21
16 30 4 59 30 40 11 36 64 66 39 16 70 94 91 59 16 11 55 12 92 5 35 88 3
71 23 47 52 93 72 57 12 61 4 56 45 33 58 16 6 9 18 88 89 7 67 63 36 94
66 56 59 82 9 35 22 43 23 33 80 90 9 34 90 56 86 59 81 48 23 94 91 3 3
25 6 6 34 48 8 96 40 74 33 40 21 97 97 78 21 99 35 98 83 5 57 74 90 4
58 83 11 67 1 5 97 97 40 88 31 36 81 40 10 38 88 30 77 20 95 48 32 43 90
22 19 58 96 4 92 33 18 5 76 58 88 32 93 96 84 71 58 4 83 49 11 82 57 52
38 94 17 75 82 3 74 24 65 78 50 77 91 41 18 73 30 11 95 62 40 3 3 42 28